1 0.638671875 0.234375 0.580078125 0.234375 0.580078125 0.275390625 0.638671875 0.275390625 0.638671875 0.234375
1 0.505859375 0.21484375 0.42578125 0.21484375 0.42578125 0.32421875 0.505859375 0.32421875 0.505859375 0.21484375
1 0.208984375 0.35546875 0.150390625 0.35546875 0.150390625 0.416015625 0.208984375 0.416015625 0.208984375 0.35546875
1 0.5390625 0.43359375 0.50390625 0.43359375 0.50390625 0.546875 0.5390625 0.546875 0.5390625 0.43359375
1 0.2265625 0.482421875 0.154296875 0.482421875 0.154296875 0.529296875 0.2265625 0.529296875 0.2265625 0.482421875
1 1 0.625 0.94921875 0.625 0.94921875 0.693359375 1 0.693359375 1 0.625
1 0.837890625 0.646484375 0.8125 0.646484375 0.8125 0.75390625 0.837890625 0.75390625 0.837890625 0.646484375
1 0.75390625 0.841796875 0.693359375 0.841796875 0.693359375 0.89453125 0.75390625 0.89453125 0.75390625 0.841796875
1 0.22265625 0.900390625 0.154296875 0.900390625 0.154296875 0.94140625 0.22265625 0.94140625 0.22265625 0.900390625
1 0.818359375 0.876953125 0.771484375 0.876953125 0.771484375 0.96484375 0.818359375 0.96484375 0.818359375 0.876953125
1 0.181640625 0 0.181640625 0.05859375 0.240234375 0.05859375 0.240234375 0 0.181640625 0
1 0.1875 0.0234375 0.109375 0.0234375 0.109375 0.0703125 0.1875 0.0703125 0.1875 0.0234375
1 0.2578125 0.0234375 0.19140625 0.0234375 0.19140625 0.07421875 0.2578125 0.07421875 0.2578125 0.0234375
1 0.853515625 0.0234375 0.79296875 0.0234375 0.79296875 0.080078125 0.853515625 0.080078125 0.853515625 0.0234375