1 0.6640625 0.24609375 0.60546875 0.24609375 0.60546875 0.291015625 0.6640625 0.291015625 0.6640625 0.24609375
1 0.53125 0.208984375 0.447265625 0.208984375 0.447265625 0.322265625 0.53125 0.322265625 0.53125 0.208984375
1 0.224609375 0.322265625 0.162109375 0.322265625 0.162109375 0.384765625 0.224609375 0.384765625 0.224609375 0.322265625
1 0.541015625 0.435546875 0.50390625 0.435546875 0.50390625 0.548828125 0.541015625 0.548828125 0.541015625 0.435546875
1 0.23046875 0.44921875 0.154296875 0.44921875 0.154296875 0.498046875 0.23046875 0.498046875 0.23046875 0.44921875
1 0.990234375 0.671875 0.927734375 0.671875 0.927734375 0.744140625 0.990234375 0.744140625 0.990234375 0.671875
1 0.818359375 0.6796875 0.787109375 0.6796875 0.787109375 0.78515625 0.818359375 0.78515625 0.818359375 0.6796875
1 0.716796875 0.861328125 0.654296875 0.861328125 0.654296875 0.91796875 0.716796875 0.91796875 0.716796875 0.861328125
1 0.1796875 0.86328125 0.111328125 0.86328125 0.111328125 0.908203125 0.1796875 0.908203125 0.1796875 0.86328125
1 0.775390625 0.904296875 0.724609375 0.904296875 0.724609375 0.9921875 0.775390625 0.9921875 0.775390625 0.904296875
1 0.232421875 0 0.232421875 0.03125 0.29296875 0.03125 0.29296875 0 0.232421875 0
1 0.158203125 0 0.158203125 0.037109375 0.236328125 0.037109375 0.236328125 0 0.158203125 0
1 0.240234375 0 0.240234375 0.048828125 0.306640625 0.048828125 0.306640625 0 0.240234375 0
1 0.900390625 0.060546875 0.837890625 0.060546875 0.837890625 0.1171875 0.900390625 0.1171875 0.900390625 0.060546875