1 0.515625 0.09375 0.45703125 0.09375 0.45703125 0.11328125 0.515625 0.11328125 0.515625 0.09375
1 0.42578125 0.099609375 0.3671875 0.099609375 0.3671875 0.115234375 0.42578125 0.115234375 0.42578125 0.099609375
1 0.591796875 0.123046875 0.529296875 0.123046875 0.529296875 0.142578125 0.591796875 0.142578125 0.591796875 0.123046875
1 0.40234375 0.150390625 0.33984375 0.150390625 0.33984375 0.16796875 0.40234375 0.16796875 0.40234375 0.150390625
1 0.65234375 0.162109375 0.599609375 0.162109375 0.599609375 0.177734375 0.65234375 0.177734375 0.65234375 0.162109375
1 0.708984375 0.169921875 0.65625 0.169921875 0.65625 0.185546875 0.708984375 0.185546875 0.708984375 0.169921875
1 0.759765625 0.181640625 0.70703125 0.181640625 0.70703125 0.19921875 0.759765625 0.19921875 0.759765625 0.181640625
1 0.373046875 0.181640625 0.310546875 0.181640625 0.310546875 0.19921875 0.373046875 0.19921875 0.373046875 0.181640625
1 0.33984375 0.21875 0.287109375 0.21875 0.287109375 0.23828125 0.33984375 0.23828125 0.33984375 0.21875
1 0.833984375 0.22265625 0.78515625 0.22265625 0.78515625 0.2421875 0.833984375 0.2421875 0.833984375 0.22265625
1 0.310546875 0.255859375 0.2578125 0.255859375 0.2578125 0.271484375 0.310546875 0.271484375 0.310546875 0.255859375
1 0.275390625 0.291015625 0.224609375 0.291015625 0.224609375 0.306640625 0.275390625 0.306640625 0.275390625 0.291015625
1 0.44921875 0.06640625 0.390625 0.06640625 0.390625 0.083984375 0.44921875 0.083984375 0.44921875 0.06640625