1 0.962890625 0.607421875 0.884765625 0.607421875 0.884765625 0.6640625 0.962890625 0.6640625 0.962890625 0.607421875
1 0.759765625 0.65625 0.69140625 0.65625 0.69140625 0.69921875 0.759765625 0.69921875 0.759765625 0.65625
1 0.5546875 0.685546875 0.482421875 0.685546875 0.482421875 0.736328125 0.5546875 0.736328125 0.5546875 0.685546875
1 0.70703125 0.671875 0.6328125 0.671875 0.6328125 0.72265625 0.70703125 0.72265625 0.70703125 0.671875
1 0.45703125 0.748046875 0.392578125 0.748046875 0.392578125 0.779296875 0.45703125 0.779296875 0.45703125 0.748046875
1 0.177734375 0.779296875 0.11328125 0.779296875 0.11328125 0.8046875 0.177734375 0.8046875 0.177734375 0.779296875
1 0.962890625 0.71484375 0.90234375 0.71484375 0.90234375 0.744140625 0.962890625 0.744140625 0.962890625 0.71484375
1 0.3125 0.78515625 0.25390625 0.78515625 0.25390625 0.818359375 0.3125 0.818359375 0.3125 0.78515625
1 0.1015625 0.806640625 0.033203125 0.806640625 0.033203125 0.849609375 0.1015625 0.849609375 0.1015625 0.806640625
1 0.498046875 0.7734375 0.4296875 0.7734375 0.4296875 0.8046875 0.498046875 0.8046875 0.498046875 0.7734375
1 0.15234375 0.8203125 0.0859375 0.8203125 0.0859375 0.87109375 0.15234375 0.87109375 0.15234375 0.8203125
1 0.337890625 0.8125 0.275390625 0.8125 0.275390625 0.849609375 0.337890625 0.849609375 0.337890625 0.8125
1 0.935546875 0.79296875 0.87890625 0.79296875 0.87890625 0.841796875 0.935546875 0.841796875 0.935546875 0.79296875
1 0.451171875 0.865234375 0.39453125 0.865234375 0.39453125 0.890625 0.451171875 0.890625 0.451171875 0.865234375
1 0.615234375 0.849609375 0.5625 0.849609375 0.5625 0.89453125 0.615234375 0.89453125 0.615234375 0.849609375
1 0.84375 0.84765625 0.791015625 0.84765625 0.791015625 0.87890625 0.84375 0.87890625 0.84375 0.84765625