1 1 0.51953125 0.96875 0.51953125 0.96875 0.59765625 1 0.59765625 1 0.51953125
1 0.87109375 0.564453125 0.810546875 0.564453125 0.810546875 0.6328125 0.87109375 0.6328125 0.87109375 0.564453125
1 0.138671875 0.548828125 0.0703125 0.548828125 0.0703125 0.626953125 0.138671875 0.626953125 0.138671875 0.548828125
1 0 0.630859375 0.03125 0.630859375 0.03125 0.54296875 0 0.54296875 0 0.630859375
1 0.658203125 0.58203125 0.591796875 0.58203125 0.591796875 0.66015625 0.658203125 0.66015625 0.658203125 0.58203125
1 0.220703125 0.5859375 0.154296875 0.5859375 0.154296875 0.669921875 0.220703125 0.669921875 0.220703125 0.5859375
1 0.513671875 0.599609375 0.4453125 0.599609375 0.4453125 0.6875 0.513671875 0.6875 0.513671875 0.599609375
1 0.35546875 0.619140625 0.283203125 0.619140625 0.283203125 0.70703125 0.35546875 0.70703125 0.35546875 0.619140625
1 1 0.69921875 0.953125 0.69921875 0.953125 0.79296875 1 0.79296875 1 0.69921875
1 0.912109375 0.880859375 0.84375 0.880859375 0.84375 0.96875 0.912109375 0.96875 0.912109375 0.880859375
1 0.890625 1 0.890625 0.95703125 0.818359375 0.95703125 0.818359375 1 0.890625 1