0 0 0.416015625 0.0859375 0.416015625 0.0859375 0.322265625 0 0.322265625 0 0.416015625
0 0.181640625 0.26171875 0.1015625 0.26171875 0.1015625 0.36328125 0.181640625 0.36328125 0.181640625 0.26171875
0 0.3203125 0.171875 0.212890625 0.171875 0.212890625 0.275390625 0.3203125 0.275390625 0.3203125 0.171875
0 0.3203125 0.41015625 0.248046875 0.41015625 0.248046875 0.50390625 0.3203125 0.50390625 0.3203125 0.41015625
0 0.32421875 0.58984375 0.244140625 0.58984375 0.244140625 0.6796875 0.32421875 0.6796875 0.32421875 0.58984375
0 0.32421875 0.7421875 0.251953125 0.7421875 0.251953125 0.837890625 0.32421875 0.837890625 0.32421875 0.7421875
0 0.365234375 1 0.365234375 0.91015625 0.2578125 0.91015625 0.2578125 1 0.365234375 1
0 0.59375 0 0.59375 0.025390625 0.6953125 0.025390625 0.6953125 0 0.59375 0
0 0.642578125 0.13671875 0.541015625 0.13671875 0.541015625 0.24609375 0.642578125 0.24609375 0.642578125 0.13671875
0 0.68359375 0.345703125 0.591796875 0.345703125 0.591796875 0.4453125 0.68359375 0.4453125 0.68359375 0.345703125
0 0.73828125 0.55078125 0.658203125 0.55078125 0.658203125 0.64453125 0.73828125 0.64453125 0.73828125 0.55078125
0 0.919921875 0.658203125 0.814453125 0.658203125 0.814453125 0.7421875 0.919921875 0.7421875 0.919921875 0.658203125
0 0.935546875 0.2578125 0.84765625 0.2578125 0.84765625 0.353515625 0.935546875 0.353515625 0.935546875 0.2578125
0 0.98828125 0.45703125 0.87890625 0.45703125 0.87890625 0.556640625 0.98828125 0.556640625 0.98828125 0.45703125
0 0.888671875 0.03125 0.791015625 0.03125 0.791015625 0.130859375 0.888671875 0.130859375 0.888671875 0.03125