0 0 0.529296875 0.0234375 0.529296875 0.0234375 0.421875 0 0.421875 0 0.529296875
0 0.177734375 0.3515625 0.095703125 0.3515625 0.095703125 0.46484375 0.177734375 0.46484375 0.177734375 0.3515625
0 0.1640625 0.56640625 0.0703125 0.56640625 0.0703125 0.6875 0.1640625 0.6875 0.1640625 0.56640625
0 0.134765625 0.71484375 0.0390625 0.71484375 0.0390625 0.826171875 0.134765625 0.826171875 0.134765625 0.71484375
0 0.10546875 0.86328125 0.01953125 0.86328125 0.01953125 0.970703125 0.10546875 0.970703125 0.10546875 0.86328125
0 0.537109375 0.3671875 0.451171875 0.3671875 0.451171875 0.48828125 0.537109375 0.48828125 0.537109375 0.3671875
0 0.572265625 0.5703125 0.47265625 0.5703125 0.47265625 0.712890625 0.572265625 0.712890625 0.572265625 0.5703125
0 0.669921875 0.177734375 0.546875 0.177734375 0.546875 0.326171875 0.669921875 0.326171875 0.669921875 0.177734375
0 0.8515625 0.330078125 0.7421875 0.330078125 0.7421875 0.455078125 0.8515625 0.455078125 0.8515625 0.330078125
0 0.87890625 0.54296875 0.76953125 0.54296875 0.76953125 0.69921875 0.87890625 0.69921875 0.87890625 0.54296875
0 0.888671875 0.775390625 0.810546875 0.775390625 0.810546875 0.888671875 0.888671875 0.888671875 0.888671875 0.775390625
0 0.77734375 1 0.77734375 0.908203125 0.685546875 0.908203125 0.685546875 1 0.77734375 1
0 0.609375 0.81640625 0.5234375 0.81640625 0.5234375 0.9140625 0.609375 0.9140625 0.609375 0.81640625